image_type,t,age,sigma2_hat_std,sigma2_bootstrap_mean_std,sigma2_bootstrap_se_std,sigma2_ci_lower_pointwise_std,sigma2_ci_upper_pointwise_std,sigma_hat_std,sigma_bootstrap_mean_std,sigma_bootstrap_se_std,sigma_ci_lower_pointwise_std,sigma_ci_upper_pointwise_std,sigma_hat_iop,sigma_bootstrap_mean_iop,sigma_bootstrap_se_iop,sigma_ci_lower_pointwise_iop,sigma_ci_upper_pointwise_iop,local_support_pairs,variance_support_pairs,min_variance_support_pairs,support_ok,confidence_level,ci_method,n_success
roi,0.0,18.0,0.7528615708683063,0.6854457280205731,0.09189850095855807,0.5237457029032212,0.8695394799079174,0.8676759596003027,0.8260570353669405,0.05551275234303839,0.7237005899987508,0.93249077777682,3.6259584795002766,3.452035842181668,0.23198399454487856,3.0242952589514247,3.896815170830842,269,134,30,True,0.95,percentile,500
roi,0.01,18.61,0.7520178041971877,0.685542975033859,0.08922830503965132,0.5255011745525104,0.8667427922480839,0.8671896010661034,0.8262225633725936,0.0538986171412453,0.7249136581253496,0.9309900143185604,3.6239260204565,3.452727572393911,0.22523863395577381,3.0293645876693467,3.89054358300247,269,136,30,True,0.95,percentile,500
roi,0.02,19.22,0.752029075034806,0.6863857585727104,0.08681866523130023,0.5268419509259097,0.8668270644892049,0.867196099526979,0.8268273544295328,0.052419272219014434,0.7258387900232028,0.9310350107812394,3.6239531770799545,3.4552549528485277,0.2190565527242739,3.0332306505843807,3.8907316201419033,269,138,30,True,0.95,percentile,500
roi,0.03,19.83,0.7520566703178769,0.6871729111594964,0.08475411663123787,0.5285833392577837,0.8666350250143502,0.8672120100170874,0.8273823366540807,0.05115284331382579,0.7270371023444901,0.9309316909695768,3.624019665929718,3.4575741855998863,0.21376423296291006,3.038238315801316,3.8902998537168307,269,139,30,True,0.95,percentile,500
roi,0.04,20.44,0.7520376929136753,0.6878649287165305,0.08295154872788,0.5321311299630088,0.862944480341565,0.8672010683305662,0.8278677766234064,0.0500488052901496,0.7294731841577122,0.9289480503395169,3.623973941370241,3.459602806023893,0.20915053358660893,3.0484185350521504,3.882010355219995,269,140,30,True,0.95,percentile,500
roi,0.05,21.05,0.7512972501915284,0.6878947354004747,0.08129034859543229,0.5348494895128364,0.8614938557119755,0.8667740479453272,0.827945183847493,0.04905426164347533,0.7313340190846336,0.9281669322833173,3.622189452391787,3.459926285518105,0.2049944037215463,3.056194836916419,3.8787461162975836,269,143,30,True,0.95,percentile,500
roi,0.06,21.66,0.7497779513869113,0.6872277714260918,0.0797412360736403,0.5385359641367461,0.855890838255212,0.8658971944676292,0.8275952010614027,0.04815175790983459,0.73384898968161,0.9251426237077925,3.618525141691969,3.458463731396532,0.20122290235681706,3.0667047269979664,3.8661077376462947,270,145,30,True,0.95,percentile,500
roi,0.07,22.27,0.7492954363840487,0.6876072134162708,0.07831863545116785,0.5396859799204828,0.8502865220193777,0.8656185282120806,0.8278743282160071,0.04728405291940286,0.7346331923655298,0.9221083761189227,3.6173606144729336,3.4596301846811928,0.19759682255945818,3.0699818563686083,3.853427824538141,271,147,30,True,0.95,percentile,500
roi,0.08,22.88,0.7484416087445733,0.6876102664467565,0.0770320874745787,0.5433410905757421,0.8443274967317409,0.8651251983063337,0.8279198525269623,0.04651140570021314,0.7371164825542557,0.9188712653113591,3.615299022544354,3.4598204276624633,0.19436798268544137,3.080359356191259,3.8399001599164606,271,150,30,True,0.95,percentile,500
roi,0.09,23.490000000000002,0.7468964938255289,0.6869787109906101,0.07582306805633206,0.5474455759496614,0.838845082298108,0.8642317361827955,0.8275776675880587,0.04580514515603402,0.7398956236123645,0.9158840902929926,3.6115653054497283,3.4583904602108513,0.19141656818493766,3.0919731965585995,3.8274169598603165,272,153,30,True,0.95,percentile,500
roi,0.1,24.1,0.745523142379772,0.6865415346995707,0.0746192065184526,0.5499169352464989,0.8347394542450809,0.8634368201436466,0.8273525898926155,0.04509205344758915,0.7415635116521085,0.9136407602997216,3.6082434057004598,3.457449875918629,0.18843660671627133,3.0989431865803962,3.81804223727936,272,157,30,True,0.95,percentile,500
roi,0.11,24.71,0.7441055092741535,0.686065378205756,0.07343818714511512,0.5494303379420398,0.8315162237651214,0.8626155048885648,0.8271025843766753,0.0443918279862964,0.7412355898156472,0.9118750936000535,3.6048111854337153,3.4564051199698036,0.185510412414304,3.0975728236581848,3.8106636369265483,272,162,30,True,0.95,percentile,500
roi,0.12,25.32,0.74362044012169,0.686449429739725,0.07229111323820453,0.5511907522192503,0.8310183329538259,0.8623342971966789,0.8273723002094512,0.043684359126736585,0.7424221677533319,0.9116018899034591,3.6036360377260803,3.457532243984349,0.18255394844648243,3.1025314516887663,3.8095219373677023,272,165,30,True,0.95,percentile,500
roi,0.13,25.93,0.7441972149473064,0.6877481455133113,0.07124370109763282,0.5536824385437272,0.8308359957869399,0.8626686588414502,0.8281920483364053,0.04300902391285135,0.7440984033008042,0.9115012251991204,3.605033312166687,3.460957915329851,0.17973176878574787,3.1095363253743264,3.8091012664545056,272,170,30,True,0.95,percentile,500
roi,0.14,26.54,0.7446365199777728,0.6889038122897755,0.0702034335010941,0.5580293851634408,0.8293553710024397,0.8629232410694319,0.8289234935358125,0.04234667207030547,0.7470134051408921,0.9106888483673622,3.6060971938820514,3.46401457478173,0.17696384574567864,3.121717918655641,3.8057063992473745,272,171,30,True,0.95,percentile,500
roi,0.15,27.15,0.7444823257579298,0.689526737768418,0.06918201662712732,0.5600081475755934,0.8242795329269671,0.8628338923326608,0.8293311747953933,0.041713550814490505,0.7483368329748903,0.9078983923409112,3.605723811623222,3.465718246877003,0.17431807532796226,3.1272484330413377,3.794045274401362,272,177,30,True,0.95,percentile,500
roi,0.16,27.759999999999998,0.7440001480152023,0.6898444075378823,0.06817245159397402,0.561921889412268,0.8228551114148711,0.8625544319144168,0.829553377447379,0.04109719531129259,0.7496144861152254,0.9071131456343925,3.6045559656526094,3.466646816559291,0.17174236784352692,3.132587658113555,3.790763782131699,273,184,30,True,0.95,percentile,500
roi,0.17,28.37,0.7442499031876312,0.6907565964351728,0.06715407556828092,0.5636145430746645,0.822508928015072,0.862699196236806,0.8301343956401113,0.04045683033358882,0.750742508527577,0.90692223401231,3.6051609258528874,3.4690748518406327,0.1690663264075632,3.137301586609415,3.7899659755228305,273,185,30,True,0.95,percentile,500
roi,0.18,28.98,0.7444408515402703,0.6916485699114416,0.06621362242541193,0.5652319204924167,0.8241753835183706,0.86280985827717,0.8307000611460509,0.039864227531243704,0.7518183503264302,0.9078410357990614,3.605623374949439,3.471438729294109,0.16658987983512533,3.141797455891018,3.793805585336598,273,188,30,True,0.95,percentile,500
roi,0.19,29.59,0.7443298428626957,0.6922742280083776,0.06538066069391543,0.567765230995583,0.8247077732139719,0.8627455261331094,0.8311012715381867,0.0393446369522125,0.7535013528167969,0.9081342197975047,3.6053545353202203,3.4731153600769864,0.16441854634932201,3.1488306081680233,3.7950307812100657,273,189,30,True,0.95,percentile,500
roi,0.2,30.200000000000003,0.7445194532450904,0.6931784588418513,0.06462471229698694,0.5701712155479955,0.8255584015865506,0.8628554069165298,0.8316676833626265,0.03886314423784961,0.7550963610556866,0.9086022342521027,3.6058137195974487,3.475482356344421,0.16240642123378238,3.155496038487585,3.796986581600064,273,193,30,True,0.95,percentile,500
roi,0.21,30.81,0.7441823261594044,0.6936150947257945,0.06388180800025257,0.5722366216759266,0.8230584560251956,0.8626600293043629,0.8319514251560151,0.03840404468239562,0.7564630844913796,0.9072256743610789,3.6049972499215253,3.476668093888884,0.16048787559745975,3.161207482231014,3.7912340319826963,273,197,30,True,0.95,percentile,500
roi,0.22,31.42,0.7437999226853528,0.6940273496065736,0.06322363289626307,0.5745013947136752,0.8205136544724371,0.8624383587743258,0.8322178368934604,0.037996170608445054,0.7579586995181311,0.9058220853563145,3.6040709039404595,3.4777814103150684,0.15878339774412537,3.167457555116306,3.7853685295480046,273,197,30,True,0.95,percentile,500
roi,0.23,32.03,0.743266666630535,0.6943331970439747,0.0626905754970445,0.5765497553126734,0.8199997203509722,0.8621291473036595,0.8324164829779206,0.037667407367627095,0.7593086714977254,0.9055383433831435,3.6027787303569734,3.4786115387131162,0.15740951865066632,3.1730989956706264,3.7841827912522437,273,200,30,True,0.95,percentile,500
roi,0.24,32.64,0.7425272038189368,0.6944838818115825,0.06229019581998512,0.5775173443629972,0.8193039704969288,0.8617001820928999,0.83251796814476,0.03742346267813583,0.7599456179587728,0.9051540896947563,3.600986114085709,3.479035638282977,0.15639009048096417,3.1757607513593356,3.7825770213743635,273,200,30,True,0.95,percentile,500
roi,0.25,33.25,0.7441386664842824,0.6969120051758321,0.06199405807180957,0.5828783076691979,0.8217410691179483,0.8626347236717766,0.833985769268191,0.03718207696823358,0.7634646630805151,0.9064993463748358,3.604891499414046,3.4851694787689764,0.1553813561119107,3.190466600193506,3.7881987570145736,273,207,30,True,0.95,percentile,500
roi,0.26,33.86,0.746549493608071,0.7001946948543443,0.061800845271336134,0.5862478509145734,0.8219066065694871,0.8640309563945443,0.835960307030406,0.03698371959393472,0.7656682368618982,0.9065906306954944,3.610726260449499,3.4934209370037936,0.1545524342138767,3.199675184284612,3.7885802279460603,273,214,30,True,0.95,percentile,500
roi,0.27,34.47,0.7499572140533133,0.7045535695316648,0.06175940558959515,0.5894393139280298,0.8219651198431859,0.8660007009542852,0.8385690211985191,0.03685488818853058,0.7677494686742974,0.9066228923894086,3.618957688219069,3.5043225750563445,0.15401405658374592,3.2083725096564604,3.788715047357982,273,217,30,True,0.95,percentile,500
roi,0.28,35.08,0.7525886116543716,0.7082355393043474,0.06202307584469621,0.5887070277449833,0.8247482275872741,0.8675186520498401,0.8407583198458637,0.03692850312419926,0.7672724044294887,0.9081562256883472,3.6253011020079327,3.513471504338832,0.15432168836408092,3.2063788908122466,3.7951227423225253,273,221,30,True,0.95,percentile,500
roi,0.29,35.69,0.754842835714286,0.7115838687531411,0.06260312402074925,0.5916002675465697,0.8296656149101352,0.8688169172583404,0.842735279785554,0.03720060116933488,0.7691555507065747,0.9108598209740993,3.6307264635029894,3.521733084687623,0.15545876748111606,3.214248430282586,3.8064208820750958,273,223,30,True,0.95,percentile,500
roi,0.3,36.3,0.7566228003838149,0.714528840127836,0.06347857306759412,0.5955469242605073,0.8330526403529123,0.8698406752870407,0.8444604242018299,0.03765990735444595,0.7717167683079736,0.9127171641072204,3.6350046782720513,3.5289423451901727,0.15737817660864056,3.2249515834319666,3.814182591971938,273,223,30,True,0.95,percentile,500
roi,0.31,36.91,0.7605126397859117,0.7189175122713944,0.06445364664102103,0.5980430960754892,0.8374353826583971,0.8720737582257087,0.8470335242050004,0.03813961726423396,0.773332460858814,0.9151149297420003,3.644336579112799,3.53969515408371,0.15938285150581927,3.2317034520762054,3.824202690534182,273,222,30,True,0.95,percentile,500
roi,0.32,37.519999999999996,0.7651678989065352,0.723997004617383,0.06564385573714747,0.5994760993774004,0.8442432128570139,0.8747387603773684,0.8500001923540074,0.038725662931333296,0.7742583297735329,0.9188259634357887,3.655473440798063,3.552092657335627,0.16183189625862318,3.2355725949343035,3.8397108464774465,273,216,30,True,0.95,percentile,500
roi,0.33,38.13,0.7696519774412921,0.7288087021777283,0.06690569002934928,0.5968771674224148,0.8535087051019925,0.8772981120698323,0.852797080619766,0.039356566705157414,0.7725761397222317,0.9238552273884186,3.6661687964416467,3.5637806620696915,0.16446839997079252,3.228542837784576,3.860727796495382,273,215,30,True,0.95,percentile,500
roi,0.34,38.74,0.775104911039432,0.734353341641395,0.06813754981044733,0.5988595179085288,0.8623449461287473,0.880400426532968,0.8560146740514237,0.03994258717924062,0.7738587409875753,0.9286252968538966,3.679133156361063,3.577226764912598,0.1669173394437054,3.2339027407327148,3.8806615904823936,273,215,30,True,0.95,percentile,500
roi,0.35000000000000003,39.35,0.7798972695334616,0.7392977729562359,0.0692671701669624,0.5994212182184536,0.8683855326408921,0.8831179250436838,0.8588728059301107,0.04047904762425503,0.774222822519497,0.9318720406944893,3.6904893967396695,3.5891707025155593,0.1691591709454247,3.235424212548655,3.894229510890129,273,208,30,True,0.95,percentile,500
roi,0.36,39.96,0.7839990474954359,0.7436412631290475,0.07017082016438678,0.6008358733823255,0.872805006571715,0.8854372069748571,0.8613782070571143,0.04089244331118359,0.7751359838372188,0.9342402325372522,3.7001815172734265,3.599640602436715,0.17088672324167364,3.239240251228199,3.9041260225986076,273,207,30,True,0.95,percentile,500
roi,0.37,40.57,0.7885435867978443,0.7483842691933895,0.0708508868539217,0.6048924608190419,0.8786590986904189,0.8879997673410981,0.864114394253217,0.04115787627348047,0.7777482520208723,0.9373670571671062,3.7108902817452267,3.6110749415531047,0.1719959494334683,3.250156741268571,3.917192808828057,273,201,30,True,0.95,percentile,500
roi,0.38,41.18,0.7927644357815145,0.7528132760492967,0.07142597448037842,0.6109860471243804,0.8870218772668867,0.8903732002826199,0.866663347471228,0.041368356034831195,0.7816558196159388,0.9418176032933634,3.7208086956468875,3.6217268426832847,0.17287552995772812,3.2664861989408553,3.9357913366383044,273,199,30,True,0.95,percentile,500
roi,0.39,41.79,0.7958637787640963,0.7562963181801868,0.07204185677296226,0.6165971523228964,0.8939504165370222,0.8921119765837113,0.8686582825865716,0.04162416866159054,0.7852358090279623,0.9454892877886195,3.7280749228635557,3.630063540061492,0.17394455342541595,3.2814467297950554,3.9511350549726885,273,199,30,True,0.95,percentile,500
roi,0.4,42.400000000000006,0.7977004480217573,0.7586437921196114,0.07275647560391223,0.6198992616762475,0.8990816617588692,0.8931407772696067,0.8699921076052138,0.04196482953719331,0.7873361287121933,0.9481986899243332,3.7323742105520803,3.635637503570569,0.17536815192075153,3.2902238220775324,3.9624574611540155,273,196,30,True,0.95,percentile,500
roi,0.41000000000000003,43.010000000000005,0.7980923371273907,0.7596662108845805,0.07347830267330681,0.6209201406965953,0.9014462504532835,0.8933601385373038,0.8705612420171984,0.04234289342145798,0.7879847775347104,0.9494451510409987,3.7332909062837984,3.6380158773451075,0.17694805503063343,3.2929344811342927,3.9676663368930902,273,196,30,True,0.95,percentile,500
roi,0.42,43.62,0.7980174504110247,0.7602010705205312,0.07429530353022809,0.6210244563354412,0.9026506517305167,0.8933182246047736,0.870846763953031,0.04278604356695351,0.7880510488700182,0.9500791803941007,3.7331157508269883,3.639209053983068,0.17879994917380124,3.2932114245110777,3.9703159021872483,273,194,30,True,0.95,percentile,500
roi,0.43,44.230000000000004,0.7971450405955033,0.7599602433237126,0.07513708044888093,0.6199699040632505,0.9061841865555161,0.8928297937431878,0.8706850196787603,0.04326179604108733,0.7873816762280806,0.9519369146718979,3.7310746316688266,3.638533135725436,0.1807880862180999,3.2904141620306273,3.978079246650935,273,193,30,True,0.95,percentile,500
roi,0.44,44.84,0.7958509928599597,0.7592757574903325,0.07598172755264067,0.6168003055534658,0.9063713190993496,0.8921048104678955,0.8702675924823087,0.04374817448670823,0.7853658935342829,0.952035340920287,3.7280449761557786,3.636788736026676,0.18282062847034541,3.281990344048194,3.9784905632098453,273,193,30,True,0.95,percentile,500
roi,0.45,45.45,0.7950666975339992,0.7588811138300326,0.07688629884111617,0.6123213266181469,0.9066549730461497,0.891665126341722,0.8700150414326892,0.04425900167612038,0.7825071539197296,0.9521842987900303,3.726207566270255,3.635733342466739,0.18495534035041353,3.270043866758622,3.9791130479576453,273,190,30,True,0.95,percentile,500
roi,0.46,46.06,0.7942441098477135,0.7584530754345531,0.07790942689389586,0.6106950343623433,0.9142780275715955,0.8912037420521267,0.8697392405606137,0.04484139119527264,0.7814697640289472,0.9561783475829334,3.7242794728862494,3.634580789489224,0.1873891063110551,3.265708685370442,3.995803904639714,273,190,30,True,0.95,percentile,500
roi,0.47000000000000003,46.67,0.7928482717452685,0.7574995100781157,0.07902482445175818,0.6088436309959446,0.9184790339839233,0.8904202781525522,0.869157078631225,0.04549309823836336,0.7802836839775467,0.9583724535350346,3.721005430844848,3.6321479746106355,0.1901125454623869,3.260752137972583,4.004972923319923,273,185,30,True,0.95,percentile,500
roi,0.48,47.28,0.7915330621754046,0.7565594801429646,0.08024591913771262,0.6070053473317755,0.921703743175298,0.889681438592154,0.8685785597603081,0.04620644694360435,0.7791053101209975,0.9600466307589718,3.717917870864219,3.6297303838241874,0.1930935809030837,3.2558277942358447,4.0119691954122345,273,183,30,True,0.95,percentile,500
roi,0.49,47.89,0.7902944241188566,0.7555210812951092,0.0815039616330338,0.603909196918017,0.926131349047596,0.8889850528095827,0.8679410243567214,0.046945364715294834,0.7771109869233691,0.9623548662243072,3.7150077223169653,3.6270661669848945,0.1961814677233533,3.2474936540199097,4.0216151535209175,273,185,30,True,0.95,percentile,500
roi,0.5,48.5,0.7878844535161017,0.7532815757665103,0.08278240662690976,0.599196834888546,0.9291988923813482,0.8876285560503908,0.8666066704943244,0.0477390034054325,0.7740752328597557,0.9639486164145114,3.7093390151550514,3.621489993473943,0.1994980295184845,3.2348074454568567,4.028275326541083,273,177,30,True,0.95,percentile,500
roi,0.51,49.11,0.7845195635383562,0.7499802303295936,0.08405606316836596,0.5959949941125583,0.9275889614878858,0.8857310898564847,0.8646534728297373,0.048572841123993946,0.7720070079895641,0.9631118600396199,3.7014096337319127,3.613327714047287,0.2029825803034778,3.22616447520672,4.024778578890945,273,174,30,True,0.95,percentile,500
roi,0.52,49.72,0.7817750210587895,0.7472927546874496,0.08530909433299264,0.5877423007601513,0.9277127211461805,0.884180423363235,0.8630521509147867,0.0493823523361694,0.7666426472640028,0.9631764545567991,3.6949295045340658,3.60663589930737,0.20636547228240304,3.2037471786978857,4.025048514959479,273,166,30,True,0.95,percentile,500
roi,0.53,50.33,0.7788329001968256,0.7444887452385437,0.08649257663965539,0.5808428050842785,0.9253052634277219,0.8825150991324883,0.8613811441365221,0.05016275878916177,0.7621301089021679,0.9619263353140921,3.6879702284946845,3.5996528762906417,0.20962673746369023,3.184889589575902,4.019824352161919,273,161,30,True,0.95,percentile,500
roi,0.54,50.940000000000005,0.778521601258622,0.7438644089935493,0.08754573522537465,0.5804312544406335,0.9242866346535683,0.8823387111867086,0.8609819450107181,0.05079034038539837,0.7618603890413559,0.9613977157408607,3.6872331153355553,3.597984650452179,0.21224935802298367,3.1837624487284693,4.017615287127006,273,157,30,True,0.95,percentile,500
roi,0.55,51.550000000000004,0.7800564249148427,0.7448114842890334,0.08857970253320209,0.5802080221576141,0.9257902336658492,0.8832080303727106,0.8614985839487244,0.051351222375479226,0.761713188481575,0.9621796861407491,3.690865940745779,3.600143649232054,0.21459324549091527,3.1831473076587886,4.020883087935386,273,153,30,True,0.95,percentile,500
roi,0.56,52.160000000000004,0.7816150144056833,0.7455791303534856,0.08937855775022015,0.5787582755237551,0.9263585918231648,0.8840899356998039,0.8619182847622876,0.051781883635745735,0.7607615744809935,0.9624752385863778,3.694551362778635,3.60189755022119,0.2163929494370462,3.1791705778480313,4.022118181387621,273,150,30,True,0.95,percentile,500
roi,0.5700000000000001,52.77,0.7821073698366181,0.7453560308576815,0.09006945535064388,0.5785450242595971,0.9261621797010399,0.8843683451122717,0.8617646428767965,0.0521840732418347,0.7606211668004431,0.962373199250393,3.6957148166680054,3.6012554912920027,0.21807367228804805,3.1785838237559703,4.021691765982811,273,144,30,True,0.95,percentile,500
roi,0.58,53.379999999999995,0.781144636235834,0.7437852054450731,0.09062390484312155,0.5808210044157922,0.9242717878029779,0.8838238717277521,0.8608303927312361,0.05255248731606858,0.7621159323946315,0.9613905490273184,3.6934394996402404,3.5973513238435584,0.21961324950193206,3.184830346920689,4.01758533792137,273,138,30,True,0.95,percentile,500
roi,0.59,53.989999999999995,0.7802859138463044,0.7423984111235373,0.09103715028687252,0.5771590567645173,0.9235315382158932,0.8833379386431358,0.8600073318876225,0.05283354037963203,0.7597098176095812,0.9610054518070598,3.6914088185211673,3.593911808881751,0.2207877510283854,3.174775357830611,4.015976042981504,273,136,30,True,0.95,percentile,500
roi,0.6,54.6,0.7789320231052509,0.7405628962214987,0.09148934353443353,0.5726420066344686,0.9229378560552445,0.8825712566729391,0.858919782633925,0.05315405844755931,0.7567308419764124,0.9606964572409169,3.6882049070146237,3.5893670149472334,0.22212717410836716,3.162326422444307,4.014684775827184,273,135,30,True,0.95,percentile,500
roi,0.61,55.21,0.7781341368481228,0.7392491358523602,0.09199161865630365,0.5716216509261344,0.9240827234351658,0.8821191171537566,0.8581337480826742,0.0534913910060688,0.7560557993569261,0.9612921507014937,3.6863154468937593,3.586082230328329,0.22353686379425225,3.1595054655155503,4.017174138048946,273,134,30,True,0.95,percentile,500
roi,0.62,55.82,0.7779801398719987,0.7385307679253258,0.09249598436193862,0.5722249785976731,0.9234310330120611,0.8820318247501042,0.8576950504725293,0.053812264772371964,0.7564555224909078,0.9609531635563715,3.685950657910364,3.5842489430258038,0.22487777331341435,3.161175881148341,4.015757533958793,273,133,30,True,0.95,percentile,500
roi,0.63,56.43,0.7775475922345235,0.7375669209318131,0.09306010083405586,0.572651351966625,0.9220820224373376,0.8817865910947634,0.8571099263107037,0.054179017001413865,0.7567366865611364,0.9602510179087596,3.684925843240552,3.581803749180501,0.22641040578992402,3.1623508465640544,4.012823315329554,273,132,30,True,0.95,percentile,500
roi,0.64,57.04,0.7770147000281615,0.7364525167431123,0.09371289146581172,0.5718053300569569,0.9196303667837855,0.881484373104913,0.856432519466472,0.0546060434694859,0.7561771168999801,0.958973600604179,3.6836628949349883,3.5789729123182643,0.22819492018812185,3.160012443228925,4.007485075798821,273,132,30,True,0.95,percentile,500
roi,0.65,57.65,0.7754372626365662,0.7343108990034968,0.09435725801190262,0.5680550858849012,0.9173346861286278,0.8805891565517748,0.855151765535477,0.05506742910786742,0.7536942586892426,0.9577758960977798,3.6799218461990804,3.5736207292539968,0.23012301920861306,3.1496367486127372,4.002479950598724,273,129,30,True,0.95,percentile,500
roi,0.66,58.260000000000005,0.7726360329613757,0.7310381836593893,0.09501412851375957,0.5617223765529913,0.9162183663217982,0.8789971746037502,0.8532027856539257,0.055582091987167855,0.7494812187443407,0.9571927139286394,3.6732690625420217,3.565476075654119,0.23227376017433382,3.132030742887135,4.000042872208006,273,127,30,True,0.95,percentile,500
roi,0.67,58.870000000000005,0.77090669204829,0.7289004571594861,0.09586078392970697,0.5590617798458027,0.914556598349651,0.8780129224836557,0.8519108671432903,0.05616618986919772,0.7477038261822408,0.9563235457450251,3.669155940262517,3.560077236575277,0.2347146652665758,3.12460314095736,3.9964106778264306,273,125,30,True,0.95,percentile,500
roi,0.68,59.480000000000004,0.7684721732302349,0.7260878325533464,0.09682716995716655,0.5542267092657052,0.9149462975350796,0.8766254463738974,0.850213068824462,0.056850982593802696,0.744462707916615,0.9565282213193099,3.6633577725138107,3.5529822535432785,0.2375763672176421,3.111058729442578,3.997266003049993,273,122,30,True,0.95,percentile,500
roi,0.6900000000000001,60.09,0.7646188861457334,0.7219407578286646,0.09777466272146303,0.5483876635808776,0.9095380783833019,0.8744248887959064,0.8477212162014168,0.05758584626481976,0.7405294511489426,0.9536965099961384,3.654161792930349,3.5425689718933433,0.24064731222852898,3.09462191847531,3.985432475141163,273,119,30,True,0.95,percentile,500
roi,0.7000000000000001,60.7,0.7604509451429449,0.7175216033622502,0.09863431351477532,0.5426345011652965,0.9060964112370504,0.8720383851316093,0.8450627727666487,0.058286431202462845,0.7366334571886082,0.9518909640137734,3.6441887573723477,3.5314595186373032,0.24357500875757343,3.078340826230846,3.977887221994009,273,116,30,True,0.95,percentile,500
roi,0.71,61.309999999999995,0.7553472645690127,0.7120944445838645,0.09929839462539419,0.5367072199907894,0.9030856209803376,0.8691071651810337,0.841801540848935,0.05891989065887037,0.7325975245876334,0.9503063222861894,3.6319393897167473,3.5178310535463746,0.24622219249243057,3.0614749399800183,3.971265112616045,273,111,30,True,0.95,percentile,500
roi,0.72,61.92,0.7512787377023272,0.7075879675806626,0.09974145151671363,0.5305312417458746,0.8971759592509367,0.8667633689204495,0.8390876679388339,0.059387767321619406,0.7283731521296978,0.9471905568493113,3.6221448254773496,3.506489964304718,0.24817741705971796,3.043821576457679,3.9582445419975087,273,108,30,True,0.95,percentile,500
roi,0.73,62.53,0.7489173809188588,0.7045248705878242,0.10018803326623181,0.5250903993750999,0.893056066222117,0.8654001276397287,0.8372311006019921,0.05980056008580024,0.7246300710189327,0.9450121931217901,3.6164479334213437,3.4987314964074563,0.2499024497830486,3.0281794965511573,3.949141308996931,273,103,30,True,0.95,percentile,500
roi,0.74,63.14,0.7461781615717344,0.7010233699088515,0.10051152704759016,0.519107174832261,0.8880384907722715,0.863816046141616,0.835111792710306,0.06015730535691604,0.7204909254607164,0.9423539197556187,3.609828165204016,3.4898750537049628,0.25139326386693756,3.0108822904125727,3.9380325664459224,273,102,30,True,0.95,percentile,500
roi,0.75,63.75,0.7419623193374852,0.6961027141138383,0.10061555181439168,0.5117507421905647,0.8805584986508037,0.8613723465131007,0.8321394074435524,0.0604485628516677,0.7153672268520358,0.938376037625002,3.5996161116241883,3.4774536590090768,0.2526104090132653,2.9894707044270543,3.921409269139626,273,96,30,True,0.95,percentile,500
roi,0.76,64.36,0.7365323114138165,0.6899522819576624,0.10046955724059636,0.5023672265587414,0.8731876832284344,0.8582146068518156,0.8284207886993359,0.06065176073779351,0.7087786843183528,0.9344429964276184,3.586420133593213,3.4619138056589485,0.2534595590790961,2.9619376358854743,3.9049733590258477,273,89,30,True,0.95,percentile,500
roi,0.77,64.97,0.7323973293161699,0.6846919493007956,0.09993945125318013,0.49556362939740656,0.8669339073861798,0.8558021554753001,0.8252445953894981,0.0605858760601452,0.7039624734437343,0.9310928474986652,3.576338664320873,3.448640711093042,0.2531842315182195,2.9418110201060896,3.890973315827552,273,88,30,True,0.95,percentile,500
roi,0.78,65.58,0.7278049563190861,0.6789521135842616,0.09940109743942538,0.49212294979518334,0.859426685516198,0.8531148552915289,0.821763132249266,0.06053757226258544,0.7015145996999683,0.9270511076613325,3.565108620684771,3.434091914788708,0.2529823732525663,2.9315815231841706,3.8740831615332443,273,85,30,True,0.95,percentile,500
roi,0.79,66.19,0.7219434050938008,0.6719047185556226,0.09895817046502633,0.4838751944336364,0.8513486144519318,0.8496725281505816,0.8174583284368767,0.06061309858644361,0.6956012925470892,0.9226852692341073,3.550723371044247,3.4161024341382262,0.25329799259339164,2.906870217107708,3.8558386214025977,273,84,30,True,0.95,percentile,500
roi,0.8,66.80000000000001,0.7163825623507691,0.6649748822142919,0.09841689796591248,0.4763845258904129,0.8475832706655428,0.8463938576991028,0.8132074931691404,0.060628432947076226,0.6902016614168812,0.9206428224660667,3.537022031513643,3.398338484343988,0.2533620738374878,2.8843055279906205,3.84730337607793,273,80,30,True,0.95,percentile,500
roi,0.81,67.41,0.7086549068531516,0.6558324907113352,0.09767794994387564,0.4682038413590866,0.8384558925242382,0.8418164329906798,0.8075663275888127,0.06063390302831406,0.6842463463582406,0.9156722361323196,3.5178932867879893,3.3747644392826532,0.25338493293278536,2.859418673749642,3.8265316358153085,273,76,30,True,0.95,percentile,500
roi,0.8200000000000001,68.02000000000001,0.6998144190167804,0.6454101290916814,0.09722298958246996,0.4599176316877691,0.8335795134959125,0.8365491133321346,0.8010679922369972,0.06089019738300266,0.6781718685127305,0.9130045385350699,3.4958815182598646,3.347608340383237,0.25445596950853566,2.834033846373982,3.8153835100473135,273,76,30,True,0.95,percentile,500
roi,0.8300000000000001,68.63,0.6892106706822951,0.6330907466763966,0.09741257028617287,0.4484734619041686,0.8215350366949974,0.8301871299184872,0.7932813039885852,0.06166948734915554,0.6696808337406954,0.9063856898463125,3.4692952247825377,3.315068302862132,0.25771256896769684,2.7985503929133437,3.7877237941568502,273,73,30,True,0.95,percentile,500
roi,0.84,69.24,0.67617633916693,0.6181580417278235,0.09864257799970184,0.4284359660265563,0.8060593504333239,0.8222994218451877,0.7836833941519844,0.06329606814591839,0.6545498583848174,0.8978080061034038,3.4363330323237564,3.27495929422539,0.2645099388468064,2.7353190819755264,3.751878240574383,273,73,30,True,0.95,percentile,500
roi,0.85,69.85,0.6713890384877127,0.6109930612800092,0.10086060980609958,0.41558669771519,0.8023797146233732,0.8193833281729087,0.7789368510728334,0.06526071745877442,0.644658699182702,0.8957550931194407,3.4241468763504046,3.2551238153974538,0.2727200739281982,2.693984604300798,3.7432992576493445,268,66,30,True,0.95,percentile,500
roi,0.86,70.46000000000001,0.6702808853149078,0.6074211761842874,0.1039444052332695,0.4031263209343043,0.8033219969797476,0.8187068372225237,0.7764366565088,0.06764944573860025,0.634922074559843,0.8962823025689992,3.4213198669458986,3.2446756733467814,0.28270240600231317,2.6532959160614347,3.7455024298738926,266,59,30,True,0.95,percentile,500
roi,0.87,71.07,0.6754081293501297,0.6103245026652971,0.10677481200764206,0.40190288343417485,0.8114176512262019,0.8218321783369946,0.778147322091133,0.0694326260977522,0.6339485896321239,0.9007859249968516,3.4343804536660456,3.2518244277927466,0.29015419474003945,2.649227789142308,3.7643227599176816,259,56,30,True,0.95,percentile,500
roi,0.88,71.68,0.6788849718738882,0.611666454348802,0.10932382211007627,0.39597718529410175,0.8160372697930088,0.8239447626351467,0.7788572363723718,0.07111944635958545,0.6292634878639651,0.9033478004778264,3.4432087989311055,3.254791111010479,0.29720330122283817,2.6296490693499535,3.7750286623008056,255,52,30,True,0.95,percentile,500
roi,0.89,72.28999999999999,0.6820847408884626,0.6126086689429678,0.1117204986440269,0.3902920226127044,0.8203428805293744,0.8258842176046607,0.7793134280549487,0.07273121376082096,0.6247335437541632,0.9057278170444157,3.4513136485751565,3.2566975048449693,0.3039387669353885,2.6107187427979017,3.784974588721253,250,50,30,True,0.95,percentile,500
roi,0.9,72.9,0.6845224972036934,0.6129121010364368,0.11350015702389821,0.38754695656951615,0.8240453482327781,0.8273587475839567,0.7793915363969822,0.07397214195059187,0.6225322444546981,0.9077692261167899,3.457475608489511,3.257023914263119,0.30912452095146553,2.601519663611139,3.793505497586717,243,45,30,True,0.95,percentile,500
roi,0.91,73.51,0.685786826383194,0.6119716952010326,0.11539376269176235,0.3812942066708563,0.8332894181723592,0.828122470642594,0.7786536214717612,0.07537636341897086,0.6174902439415624,0.9128462823996161,3.46066715490706,3.2539402182696433,0.314992666408337,2.580449488378128,3.8147221684831814,238,44,30,True,0.95,percentile,500
roi,0.92,74.12,0.6876821493385921,0.6115455508101297,0.11767942305173672,0.3761291700279347,0.8430166916028192,0.8292660304984113,0.7782216880835351,0.07699618062088165,0.6132915765531102,0.9181590222437525,3.465446013316283,3.2521351981877924,0.3217617716872414,2.562903544582736,3.8369237448598037,231,43,30,True,0.95,percentile,500
roi,0.93,74.73,0.6894977920103575,0.6107749935971897,0.12063632934150184,0.36827208502709324,0.8462679989078323,0.8303600375803002,0.7775170902667441,0.07908651778219727,0.6068540650155902,0.9199282557876092,3.4700177940730486,3.2491907321113005,0.330497147689336,2.5360016242424472,3.84431725081048,227,40,30,True,0.95,percentile,500
roi,0.9400000000000001,75.34,0.6909736620917457,0.609215628833623,0.12411133306238122,0.3543635049249839,0.8504421846791924,0.8312482553917004,0.7762558532451478,0.08158302959382661,0.5952628902565255,0.9221900631401115,3.473729595546001,3.2439201088763046,0.3409298997696402,2.4875628978492883,3.853769189011672,223,35,30,True,0.95,percentile,500
roi,0.9500000000000001,75.95,0.6852964785682217,0.6009058815851219,0.12743298242325682,0.3354432691834612,0.8470274680692328,0.827826357739485,0.7705651876814641,0.08455455080997805,0.5791746265054016,0.9203382802243556,3.4594297193413537,3.2201392067707024,0.35334768365716734,2.420331144193584,3.846030714882837,220,35,30,True,0.95,percentile,500
roi,0.96,76.56,0.6850844396612163,0.5975679463008597,0.13189151232904303,0.32145099180710945,0.8575344471666758,0.8276982781552806,0.7680083339695392,0.08801499037808427,0.5669664550945884,0.9260311907402984,3.4588944835205866,3.20945429001691,0.3678086238917603,2.369314031000057,3.8698209984903578,218,31,30,True,0.95,percentile,500
roi,0.97,77.17,0.6948612668372552,0.6040587685626202,0.13670901485028256,0.3184351675933851,0.8676187768103636,0.8335833892522423,0.7718833861303599,0.0909469596935798,0.5642968338972547,0.9314600983094171,3.4834879602081963,3.225647867913786,0.3800611230920988,2.3581578666388996,3.892508031842921,214,30,30,True,0.95,percentile,500
roi,0.98,77.78,0.7082474436236789,0.6143173633766105,0.14273109332675876,0.3162384666754433,0.891144273309187,0.8415743838922849,0.7781049139382323,0.09427556441559462,0.5623472869617999,0.9439975553978159,3.516881780163806,3.2516472070228164,0.3939711345233871,2.3500108433595495,3.944901207357421,211,28,30,False,0.95,percentile,500
roi,0.99,78.39,0.7240908795124493,0.627574714083869,0.14983583815772347,0.31736275974161104,0.9110558002047936,0.8509352969012681,0.7861369471613515,0.09789065098773514,0.5633495354121556,0.9544920565921754,3.556000395270329,3.2852125244097508,0.40907833400880195,2.3541991710721293,3.9887570099445324,207,24,30,False,0.95,percentile,500
roi,1.0,79.0,0.7365681365604442,0.6385313504918376,0.15689542676897186,0.3199866155069548,0.9476310131909021,0.8582354785025169,0.792618817894484,0.10152524198892893,0.565673582820701,0.9734598380803138,3.586507354793713,3.3122998187939965,0.4242670411689783,2.3639112062098295,4.068022071242192,204,24,30,False,0.95,percentile,500
